PREDICT METRICS
precision: 0.9693877551019123
recall: 0.8811129848228281
map50: 0.9441015764628307
map5095: 0.5641329548072697
conf_th: 0.9