PREDICT METRICS
precision: 0.8914434700164859
recall: 0.9060467357262219
map50: 0.9353751572641996
map5095: 0.5856608227596131
conf_th: 0.9